0,KpA,KiA,KdA,setpointA,FEEDFWDA,KpB,KiB,KdB,setpointB,FEEDFWDB

18,1.00,0.00,0.00,1.50,80,1.00,0.00,0.00,1.50,80

36,inputA,outputA,a_adjust,inputB,outputB,b_adjust

52,0.00,1.50,80,0.00,1.50,80

68,0.00,1.50,80,0.00,1.50,80

86,KpA,KiA,KdA,setpointA,FEEDFWDA,KpB,KiB,KdB,setpointB,FEEDFWDB

99,1.00,0.00,0.00,1.50,80,1.00,0.00,0.00,1.50,80

119,inputA,outputA,a_adjust,inputB,outputB,b_adjust

135,KpA,KiA,KdA,setpointA,FEEDFWDA,KpB,KiB,KdB,setpointB,FEEDFWDB

150,1.00,0.00,0.00,1.50,80,1.00,0.00,0.00,1.50,80

168,inputA,outputA,a_adjust,inputB,outputB,b_adjust

186,KpA,KiA,KdA,setpointA,FEEDFWDA,KpB,KiB,KdB,setpointB,FEEDFWDB

200,1.00,0.00,0.00,1.50,80,1.00,0.00,0.00,1.50,80

217,inputA,outputA,a_adjust,inputB,outputB,b_adjust

236,KpA,KiA,KdA,setpointA,FEEDFWDA,KpB,KiB,KdB,setpointB,FEEDFWDB

252,1.00,0.00,0.00,1.50,80,1.00,0.00,0.00,1.50,80

269,inputA,outputA,a_adjust,inputB,outputB,b_adjust

286,0.00,1.50,80,0.00,1.50,80

299,0.00,3.00,80,0.00,3.00,80

319,0.00,3.00,80,0.00,3.00,80

333,0.00,3.00,80,0.00,3.00,80

351,0.00,3.00,80,0.00,3.00,80

366,0.00,3.00,80,0.00,3.00,80

386,0.00,3.00,80,0.00,3.00,80

401,0.00,3.00,80,0.00,3.00,80

418,0.00,3.00,80,0.00,3.00,80

436,0.00,3.00,80,0.00,3.00,80

449,0.00,3.00,80,0.00,3.00,80

470,0.00,3.00,80,0.00,3.00,80

485,0.00,3.00,80,0.00,3.00,80

499,0.00,3.00,80,0.00,3.00,80

520,0.00,3.00,80,0.00,3.00,80

532,0.00,3.00,80,0.00,3.00,80

553,0.00,3.00,80,0.00,3.00,80

566,0.00,3.00,80,0.00,3.00,80

586,0.00,3.00,80,0.00,3.00,80

599,0.00,3.00,80,0.00,3.00,80

620,0.00,3.00,80,0.00,3.00,80

634,0.00,3.00,80,0.00,3.00,80

650,0.00,3.00,80,0.00,3.00,80

666,0.00,3.00,80,0.00,3.00,80

687,0.00,3.00,80,0.00,3.00,80

702,0.00,3.00,80,0.00,3.00,80

716,0.00,3.00,80,0.00,3.00,80

736,0.00,3.00,80,0.00,3.00,80

751,0.00,3.00,80,0.00,3.00,80

768,0.00,3.00,80,0.00,3.00,80

786,0.00,3.00,80,0.00,3.00,80

801,0.00,3.00,80,0.00,3.00,80

819,0.00,3.00,80,0.00,3.00,80

836,0.00,3.00,80,0.00,3.00,80

851,0.00,3.00,80,0.00,3.00,80

866,0.00,3.00,80,0.00,3.00,80

886,0.00,3.00,80,0.00,3.00,80

899,0.00,3.00,80,0.00,3.00,80

920,0.00,3.00,80,0.00,3.00,80

934,0.00,3.00,80,0.00,3.00,80

949,0.00,3.00,80,0.00,3.00,80

970,0.00,3.00,80,0.00,3.00,80

983,0.00,3.00,80,0.00,3.00,80

1000,0.00,3.00,80,0.00,3.00,80

1016,0.00,3.00,80,0.00,3.00,80

1032,0.00,3.00,80,0.00,3.00,80

1051,0.00,3.00,80,0.00,3.00,80

1067,0.00,3.00,80,0.00,3.00,80

1086,0.00,3.00,80,0.00,3.00,80

1101,0.00,3.00,80,0.00,3.00,80

1115,0.00,3.00,80,0.00,3.00,80

1136,0.00,3.00,80,0.00,3.00,80

1150,0.00,3.00,80,0.00,3.00,80

1168,0.00,3.00,80,0.00,3.00,80

1186,0.00,3.00,80,0.00,3.00,80

1201,0.00,3.00,80,0.00,3.00,80

1219,0.00,3.00,80,0.00,3.00,80

1236,0.00,3.00,80,0.00,3.00,80

1249,0.00,3.00,80,0.00,3.00,80

1265,0.00,3.00,80,0.00,3.00,80

1286,0.00,3.00,80,0.00,3.00,80

1302,0.00,3.00,80,0.00,3.00,80

1320,0.00,3.00,80,0.00,3.00,80

1332,0.00,3.00,80,0.00,3.00,80

1352,0.00,3.00,80,0.00,3.00,80

1366,0.00,3.00,80,0.00,3.00,80

1383,0.00,3.00,80,0.00,3.00,80

1399,0.00,3.00,80,0.00,3.00,80

1420,0.00,3.00,80,0.00,3.00,80

1434,0.00,3.00,80,0.00,3.00,80

1452,0.00,3.00,80,0.00,3.00,80

1468,0.00,3.00,80,0.00,3.00,80

1486,0.00,3.00,80,0.00,3.00,80

1500,0.00,3.00,80,0.00,3.00,80

1520,0.00,3.00,80,0.00,3.00,80

1532,0.00,3.00,80,0.00,3.00,80

1553,0.00,3.00,80,0.00,3.00,80

1565,0.00,3.00,80,0.00,3.00,80

1586,0.00,3.00,80,0.00,3.00,80

1599,0.00,3.00,80,0.00,3.00,80

1620,0.00,3.00,80,0.00,3.00,80

1634,0.00,3.00,80,0.00,3.00,80

1653,0.00,3.00,80,0.00,3.00,80

1666,0.00,3.00,80,0.00,3.00,80

1686,0.00,3.00,80,0.00,3.00,80

1701,0.00,3.00,80,0.00,3.00,80

1720,0.00,3.00,80,0.00,3.00,80

1736,0.00,3.00,80,0.00,3.00,80

1751,0.00,3.00,80,0.00,3.00,80

1766,0.00,3.00,80,0.00,3.00,80

1784,0.00,3.00,80,0.00,3.00,80

1800,0.00,3.00,80,0.00,3.00,80

1817,0.00,3.00,80,0.00,3.00,80

1836,0.00,3.00,80,0.00,3.00,80

1851,0.00,3.00,80,0.00,3.00,80

1866,0.00,3.00,80,0.00,3.00,80

1886,0.00,3.00,80,0.00,3.00,80

1899,0.00,3.00,80,0.00,3.00,80

1920,0.00,3.00,80,0.00,3.00,80

1933,0.00,3.00,80,0.00,3.00,80

1950,0.00,3.00,80,0.00,3.00,80

1968,0.00,3.00,80,0.00,3.00,80

1982,0.00,3.00,80,0.00,3.00,80

2002,0.00,3.00,80,0.00,3.00,80

2016,0.00,3.00,80,0.00,3.00,80

2036,0.00,3.00,80,0.00,3.00,80

2052,0.00,3.00,80,0.00,3.00,80

2068,0.00,3.00,80,0.00,3.00,80

2086,0.00,3.00,80,0.00,3.00,80

2100,0.00,3.00,80,0.00,3.00,80

2120,0.00,3.00,80,0.00,3.00,80

2135,0.00,3.00,80,0.00,3.00,80

2149,0.00,3.00,80,0.00,3.00,80

2167,0.00,3.00,80,0.00,3.00,80

2186,0.00,3.00,80,0.00,3.00,80

2201,0.00,3.00,80,0.00,3.00,80

2216,0.00,3.00,80,0.00,3.00,80

2236,0.00,3.00,80,0.00,3.00,80

2250,0.00,3.00,80,0.00,3.00,80

2266,0.00,3.00,80,0.00,3.00,80

2286,0.00,3.00,80,0.00,3.00,80

2300,0.00,3.00,80,0.00,3.00,80

2316,0.00,3.00,80,0.00,3.00,80

2336,0.00,3.00,80,0.00,3.00,80

2352,0.00,3.00,80,0.00,3.00,80

2366,0.00,3.00,80,0.00,3.00,80

2386,0.00,3.00,80,0.00,3.00,80

2401,0.00,3.00,80,0.00,3.00,80

2419,0.00,3.00,80,0.00,3.00,80

2435,0.00,3.00,80,0.00,3.00,80

2449,0.00,3.00,80,0.00,3.00,80

2467,0.00,3.00,80,0.00,3.00,80

2486,0.00,3.00,80,0.00,3.00,80

2500,0.00,3.00,80,0.00,3.00,80

2516,0.00,3.00,80,0.00,3.00,80

2537,0.00,3.00,80,0.00,3.00,80

2549,0.00,3.00,80,0.00,3.00,80

2570,0.00,3.00,80,0.00,3.00,80

2585,0.00,3.00,80,0.00,3.00,80

2599,0.00,3.00,80,0.00,3.00,80

2620,0.00,3.00,80,0.00,3.00,80

2633,0.00,3.00,80,0.00,3.00,80

2653,0.00,3.00,80,0.00,3.00,80

2667,0.00,3.00,80,0.00,3.00,80

2682,0.00,3.00,80,0.00,3.00,80

2703,0.00,3.00,80,0.00,3.00,80

2717,0.00,3.00,80,0.00,3.00,80

2736,0.00,3.00,80,0.00,3.00,80

2752,0.00,3.00,80,0.00,3.00,80

2769,0.00,3.00,80,0.00,3.00,80

2782,0.00,3.00,80,0.00,3.00,80

2800,0.00,3.00,80,0.00,3.00,80

2818,0.00,3.00,80,0.00,3.00,80

2836,0.00,3.00,80,0.00,3.00,80

2851,0.00,3.00,80,0.00,3.00,80

2867,0.00,3.00,80,0.00,3.00,80

2886,0.00,3.00,80,0.00,3.00,80

2901,0.00,3.00,80,0.00,3.00,80

2916,0.00,3.00,80,0.00,3.00,80

2936,0.00,3.00,80,0.00,3.00,80

2951,0.00,3.00,80,0.00,3.00,80

2967,0.00,3.00,80,0.00,3.00,80

2984,0.00,3.00,80,0.00,3.00,80

3003,0.00,3.00,80,0.00,3.00,80

3017,0.00,3.00,80,0.00,3.00,80

3036,0.00,3.00,80,0.00,3.00,80

3052,0.00,3.00,80,0.00,3.00,80

3066,0.00,3.00,80,0.00,3.00,80

3086,0.00,3.00,80,0.00,3.00,80

3100,0.00,3.00,80,0.00,3.00,80

3119,0.00,3.00,80,0.00,3.00,80

3133,0.00,3.00,80,0.00,3.00,80

3152,0.00,3.00,80,0.00,3.00,80

3168,0.00,3.00,80,0.00,3.00,80

3186,0.00,3.00,80,0.00,3.00,80

3202,0.00,3.00,80,0.00,3.00,80

3218,0.00,3.00,80,0.00,3.00,80

3233,0.00,3.00,80,0.00,3.00,80

3251,0.00,3.00,80,0.00,3.00,80

3268,0.00,3.00,80,0.00,3.00,80

3286,0.00,3.00,80,0.00,3.00,80

3301,0.00,3.00,80,0.00,3.00,80

3319,0.00,3.00,80,0.00,3.00,80

3332,0.00,3.00,80,0.00,3.00,80

3353,0.00,3.00,80,0.00,3.00,80

3367,0.00,3.00,80,0.00,3.00,80

3386,0.00,3.00,80,0.00,3.00,80

3401,0.00,3.00,80,0.00,3.00,80

3419,0.00,3.00,80,0.00,3.00,80

3434,0.00,3.00,80,0.00,3.00,80

3453,0.00,3.00,80,0.00,3.00,80

3466,0.00,3.00,80,0.00,3.00,80

3486,0.00,3.00,80,0.00,3.00,80

3500,0.00,3.00,80,0.00,3.00,80

3518,0.00,3.00,80,0.00,3.00,80

3535,0.00,3.00,80,0.00,3.00,80

3551,0.00,3.00,80,0.00,3.00,80

3566,0.00,3.00,80,0.00,3.00,80

3586,0.00,3.00,80,0.00,3.00,80

3600,0.00,3.00,80,0.00,3.00,80

3618,0.00,3.00,80,0.00,3.00,80

3636,0.00,3.00,80,0.00,3.00,80

3652,0.00,3.00,80,0.00,3.00,80

3666,0.00,3.00,80,0.00,3.00,80

3687,0.00,3.00,80,0.00,3.00,80

3702,0.00,3.00,80,0.00,3.00,80

3716,0.00,3.00,80,0.00,3.00,80

3733,0.00,3.00,80,0.00,3.00,80

3750,0.00,3.00,80,0.00,3.00,80

3768,0.00,3.00,80,0.00,3.00,80

3782,0.00,3.00,80,0.00,3.00,80

3804,0.00,3.00,80,0.00,3.00,80

3816,0.00,3.00,80,0.00,3.00,80

3837,0.00,3.00,80,0.00,3.00,80

3852,0.00,3.00,80,0.00,3.00,80

3868,0.00,3.00,80,0.00,3.00,80

3886,0.00,3.00,80,0.00,3.00,80

3901,0.00,3.00,80,0.00,3.00,80

3918,0.00,3.00,80,0.00,3.00,80

3936,0.00,3.00,80,0.00,3.00,80

3949,0.00,3.00,80,0.00,3.00,80

3967,0.00,3.00,80,0.00,3.00,80

3986,0.00,3.00,80,0.00,3.00,80

4000,0.00,3.00,80,0.00,3.00,80

4017,0.00,3.00,80,0.00,3.00,80

4036,0.00,3.00,80,0.00,3.00,80

4049,0.00,3.00,80,0.00,3.00,80

4069,0.00,3.00,80,0.00,3.00,80

4086,0.00,3.00,80,0.00,3.00,80

4100,0.00,3.00,80,0.00,3.00,80

4116,0.00,3.00,80,0.00,3.00,80

4136,0.00,3.00,80,0.00,3.00,80

4150,0.00,3.00,80,0.00,3.00,80

4166,0.00,3.00,80,0.00,3.00,80

4186,0.00,3.00,80,0.00,3.00,80

4200,0.00,3.00,80,0.00,3.00,80

4216,0.00,3.00,80,0.00,3.00,80

4236,0.00,3.00,80,0.00,3.00,80

4251,0.00,3.00,80,0.00,3.00,80

4267,0.00,3.00,80,0.00,3.00,80

4286,0.00,3.00,80,0.00,3.00,80

4302,0.00,3.00,80,0.00,3.00,80

4318,0.00,3.00,80,0.00,3.00,80

4336,0.00,3.00,80,0.00,3.00,80

4350,0.00,3.00,80,0.00,3.00,80

4367,0.00,3.00,80,0.00,3.00,80

4386,0.00,3.00,80,0.00,3.00,80

4399,0.00,3.00,80,0.00,3.00,80

4417,0.00,3.00,80,0.00,3.00,80

4436,0.00,3.00,80,0.00,3.00,80

4452,0.00,3.00,80,0.00,3.00,80

4466,0.00,3.00,80,0.00,3.00,80

4487,0.00,3.00,80,0.00,3.00,80

4500,0.00,3.00,80,0.00,3.00,80

4520,0.00,3.00,80,0.00,3.00,80

4532,0.00,3.00,80,0.00,3.00,80

4551,0.00,3.00,80,0.00,3.00,80

4568,0.00,3.00,80,0.00,3.00,80

4586,0.00,3.00,80,0.00,3.00,80

4602,0.00,3.00,80,0.00,3.00,80

4616,0.00,3.00,80,0.00,3.00,80

4636,0.00,3.00,80,0.00,3.00,80

4651,0.00,3.00,80,0.00,3.00,80

4670,0.00,3.00,80,0.00,3.00,80

4686,0.00,3.00,80,0.00,3.00,80

4699,0.00,3.00,80,0.00,3.00,80

4719,0.00,3.00,80,0.00,3.00,80

4736,0.00,3.00,80,0.00,3.00,80

4750,0.00,3.00,80,0.00,3.00,80

4766,0.00,3.00,80,0.00,3.00,80

4786,0.00,3.00,80,0.00,3.00,80

4799,0.00,3.00,80,0.00,3.00,80

4816,0.00,3.00,80,0.00,3.00,80

4836,0.00,3.00,80,0.00,3.00,80

4851,0.00,3.00,80,0.00,3.00,80

4868,0.00,3.00,80,0.00,3.00,80

4886,0.00,3.00,80,0.00,3.00,80

4900,0.00,3.00,80,0.00,3.00,80

4920,0.00,3.00,80,0.00,3.00,80

4933,0.00,3.00,80,0.00,3.00,80

4951,0.00,3.00,80,0.00,3.00,80

4966,0.00,3.00,80,0.00,3.00,80

4987,0.00,3.00,80,0.00,3.00,80

5002,0.00,3.00,80,0.00,3.00,80

5019,0.00,3.00,80,0.00,3.00,80

5036,0.00,3.00,80,0.00,3.00,80

5050,0.00,3.00,80,0.00,3.00,80

5068,0.00,3.00,80,0.00,3.00,80

5086,0.00,3.00,80,0.00,3.00,80

5100,0.00,3.00,80,0.00,3.00,80

5116,0.00,3.00,80,0.00,3.00,80

5136,0.00,3.00,80,0.00,3.00,80

5150,0.00,3.00,80,0.00,3.00,80

5165,0.00,3.00,80,0.00,3.00,80

5187,0.00,3.00,80,0.00,3.00,80

5200,0.00,3.00,80,0.00,3.00,80

5218,0.00,3.00,80,0.00,3.00,80

5235,0.00,3.00,80,0.00,3.00,80

5249,0.00,3.00,80,0.00,3.00,80

5267,0.00,3.00,80,0.00,3.00,80

5286,0.00,3.00,80,0.00,3.00,80

5301,0.00,3.00,80,0.00,3.00,80

5319,0.00,3.00,80,0.00,3.00,80

5334,0.00,3.00,80,0.00,3.00,80

5349,0.00,3.00,80,0.00,3.00,80

5369,0.00,3.00,80,0.00,3.00,80

5382,0.00,3.00,80,0.00,3.00,80

5403,0.00,3.00,80,0.00,3.00,80

5416,0.00,3.00,80,0.00,3.00,80

5436,0.00,3.00,80,0.00,3.00,80

5451,0.00,3.00,80,0.00,3.00,80

5467,0.00,3.00,80,0.00,3.00,80

5486,0.00,3.00,80,0.00,3.00,80

5500,0.00,3.00,80,0.00,3.00,80

5516,0.00,3.00,80,0.00,3.00,80

5536,0.00,3.00,80,0.00,3.00,80

5549,0.00,3.00,80,0.00,3.00,80

5568,0.00,3.00,80,0.00,3.00,80

5586,0.00,3.00,80,0.00,3.00,80

5602,0.00,3.00,80,0.00,3.00,80

5616,0.00,3.00,80,0.00,3.00,80

5637,0.00,3.00,80,0.00,3.00,80

5650,0.00,3.00,80,0.00,3.00,80

5667,0.00,3.00,80,0.00,3.00,80

5686,0.00,3.00,80,0.00,3.00,80

5699,0.00,3.00,80,0.00,3.00,80

5718,0.00,3.00,80,0.00,3.00,80

5733,0.00,3.00,80,0.00,3.00,80

5751,0.00,3.00,80,0.00,3.00,80

5766,0.00,3.00,80,0.00,3.00,80

5786,0.00,3.00,80,0.00,3.00,80

5799,0.00,3.00,80,0.00,3.00,80

5816,0.00,3.00,80,0.00,3.00,80

5836,0.00,3.00,80,0.00,3.00,80

5853,0.00,3.00,80,0.00,3.00,80

5869,0.00,3.00,80,0.00,3.00,80

5884,0.00,3.00,80,0.00,3.00,80

5901,0.00,3.00,80,0.00,3.00,80

5917,0.00,3.00,80,0.00,3.00,80

5936,0.00,3.00,80,0.00,3.00,80

5955,0.00,3.00,80,0.00,3.00,80

5967,0.00,3.00,80,0.00,3.00,80

5986,0.00,3.00,80,0.00,3.00,80

6002,0.00,3.00,80,0.00,3.00,80

6016,0.00,3.00,80,0.00,3.00,80

6036,0.00,3.00,80,0.00,3.00,80

6051,0.00,3.00,80,0.00,3.00,80

6066,0.00,3.00,80,0.00,3.00,80

6086,0.00,3.00,80,0.00,3.00,80

6099,0.00,3.00,80,0.00,3.00,80

6116,0.00,3.00,80,0.00,3.00,80

6136,0.00,3.00,80,0.00,3.00,80

6149,0.00,3.00,80,0.00,3.00,80

6167,0.00,3.00,80,0.00,3.00,80

6186,0.00,3.00,80,0.00,3.00,80

6200,0.00,3.00,80,0.00,3.00,80

6218,0.00,3.00,80,0.00,3.00,80

6233,0.00,3.00,80,0.00,3.00,80

6250,0.00,3.00,80,0.00,3.00,80

6266,0.00,3.00,80,0.00,3.00,80

6286,0.00,3.00,80,0.00,3.00,80

6302,0.00,3.00,80,0.00,3.00,80

6316,0.00,3.00,80,0.00,3.00,80

6336,0.00,3.00,80,0.00,3.00,80

6350,0.00,3.00,80,0.00,3.00,80

6368,0.00,3.00,80,0.00,3.00,80

6386,0.00,3.00,80,0.00,3.00,80

6399,0.00,3.00,80,0.00,3.00,80

6416,0.00,3.00,80,0.00,3.00,80

6436,0.00,3.00,80,0.00,3.00,80

6450,0.00,3.00,80,0.00,3.00,80

6468,0.00,3.00,80,0.00,3.00,80

6484,0.00,3.00,80,0.00,3.00,80

6499,0.00,3.00,80,0.00,3.00,80

6519,0.00,3.00,80,0.00,3.00,80

6532,0.00,3.00,80,0.00,3.00,80

6549,0.00,3.00,80,0.00,3.00,80

6567,0.00,3.00,80,0.00,3.00,80

6586,0.00,3.00,80,0.00,3.00,80

6600,0.00,3.00,80,0.00,3.00,80

6616,0.00,3.00,80,0.00,3.00,80

6635,0.00,3.00,80,0.00,3.00,80

6649,0.00,3.00,80,0.00,3.00,80

6667,0.00,3.00,80,0.00,3.00,80

6686,0.00,3.00,80,0.00,3.00,80

6700,0.00,3.00,80,0.00,3.00,80

6717,0.00,3.00,80,0.00,3.00,80

6736,0.00,3.00,80,0.00,3.00,80

6752,0.00,3.00,80,0.00,3.00,80

6766,0.00,3.00,80,0.00,3.00,80

6786,0.00,3.00,80,0.00,3.00,80

6800,0.00,3.00,80,0.00,3.00,80

6817,0.00,3.00,80,0.00,3.00,80

6832,0.00,3.00,80,0.00,3.00,80

6850,0.00,3.00,80,0.00,3.00,80

6867,0.00,3.00,80,0.00,3.00,80

6886,0.00,3.00,80,0.00,3.00,80

6899,0.00,3.00,80,0.00,3.00,80

6917,0.00,3.00,80,0.00,3.00,80

6935,0.00,3.00,80,0.00,3.00,80

6949,0.00,3.00,80,0.00,3.00,80

6966,0.00,3.00,80,0.00,3.00,80

6987,0.00,3.00,80,0.00,3.00,80

6999,0.00,3.00,80,0.00,3.00,80

7018,0.00,3.00,80,0.00,3.00,80

7036,0.00,3.00,80,0.00,3.00,80

7050,0.00,3.00,80,0.00,3.00,80

7067,0.00,3.00,80,0.00,3.00,80

7085,0.00,3.00,80,0.00,3.00,80

7099,0.00,3.00,80,0.00,3.00,80

7116,0.00,3.00,80,0.00,3.00,80

7136,0.00,3.00,80,0.00,3.00,80

7149,0.00,3.00,80,0.00,3.00,80

7169,0.00,3.00,80,0.00,3.00,80

7186,0.00,3.00,80,0.00,3.00,80

7199,0.00,3.00,80,0.00,3.00,80

7216,0.00,3.00,80,0.00,3.00,80

7235,0.00,3.00,80,0.00,3.00,80

7249,0.00,3.00,80,0.00,3.00,80

7266,0.00,3.00,80,0.00,3.00,80

7286,0.00,3.00,80,0.00,3.00,80

7299,0.00,3.00,80,0.00,3.00,80

7318,0.00,3.00,80,0.00,3.00,80

7332,0.00,3.00,80,0.00,3.00,80

7349,0.00,3.00,80,0.00,3.00,80

7370,0.00,3.00,80,0.00,3.00,80

7383,0.00,3.00,80,0.00,3.00,80

7401,0.00,3.00,80,0.00,3.00,80

7420,0.00,3.00,80,0.00,3.00,80

7436,0.00,3.00,80,0.00,3.00,80

7450,0.00,3.00,80,0.00,3.00,80

7469,0.00,3.00,80,0.00,3.00,80

7486,0.00,3.00,80,0.00,3.00,80

7500,0.00,3.00,80,0.00,3.00,80

7518,0.00,3.00,80,0.00,3.00,80

7536,0.00,3.00,80,0.00,3.00,80

7551,0.00,3.00,80,0.00,3.00,80

7568,0.00,3.00,80,0.00,3.00,80

7586,0.00,3.00,80,0.00,3.00,80

7599,0.00,3.00,80,0.00,3.00,80

7618,0.00,3.00,80,0.00,3.00,80

7635,0.00,3.00,80,0.00,3.00,80

7649,0.00,3.00,80,0.00,3.00,80

7668,0.00,3.00,80,0.00,3.00,80

7686,0.00,3.00,80,0.00,3.00,80

7700,0.00,3.00,80,0.00,3.00,80

7716,0.00,3.00,80,0.00,3.00,80

7736,0.00,3.00,80,0.00,3.00,80

7749,0.00,3.00,80,0.00,3.00,80

7766,0.00,3.00,80,0.00,3.00,80

7785,0.00,3.00,80,0.00,3.00,80

7799,0.00,3.00,80,0.00,3.00,80

7819,0.00,3.00,80,0.00,3.00,80

7833,0.00,3.00,80,0.00,3.00,80

7852,0.00,3.00,80,0.00,3.00,80

7866,0.00,3.00,80,0.00,3.00,80

7886,0.00,3.00,80,0.00,3.00,80

7901,0.00,3.00,80,0.00,3.00,80

7916,0.00,3.00,80,0.00,3.00,80

7936,0.00,3.00,80,0.00,3.00,80

7950,0.00,3.00,80,0.00,3.00,80

7969,0.00,3.00,80,0.00,3.00,80

7986,0.00,3.00,80,0.00,3.00,80

8002,0.00,3.00,80,0.00,3.00,80

8017,0.00,3.00,80,0.00,3.00,80

8036,0.00,3.00,80,0.00,3.00,80

8049,0.00,3.00,80,0.00,3.00,80

8068,0.00,3.00,80,0.00,3.00,80

8086,0.00,3.00,80,0.00,3.00,80

8099,0.00,3.00,80,0.00,3.00,80

8116,0.00,3.00,80,0.00,3.00,80

8136,0.00,3.00,80,0.00,3.00,80

8149,0.00,3.00,80,0.00,3.00,80

8169,0.00,3.00,80,0.00,3.00,80

8182,0.00,3.00,80,0.00,3.00,80

8201,0.00,3.00,80,0.00,3.00,80

8216,0.00,3.00,80,0.00,3.00,80

8235,0.00,3.00,80,0.00,3.00,80

8250,0.00,3.00,80,0.00,3.00,80

8266,0.00,3.00,80,0.00,3.00,80

8286,0.00,3.00,80,0.00,3.00,80

8299,0.00,3.00,80,0.00,3.00,80

8318,0.00,3.00,80,0.00,3.00,80

8336,0.00,3.00,80,0.00,3.00,80

8349,0.00,3.00,80,0.00,3.00,80

8366,0.00,3.00,80,0.00,3.00,80

8386,0.00,3.00,80,0.00,3.00,80

8400,0.00,3.00,80,0.00,3.00,80

8417,0.00,3.00,80,0.00,3.00,80

8437,0.00,3.00,80,0.00,3.00,80

8452,0.00,3.00,80,0.00,3.00,80

8469,0.00,3.00,80,0.00,3.00,80

8486,0.00,3.00,80,0.00,3.00,80

8500,0.00,3.00,80,0.00,3.00,80

8516,0.00,3.00,80,0.00,3.00,80

8536,0.00,3.00,80,0.00,3.00,80

8552,0.00,3.00,80,0.00,3.00,80

8568,0.00,3.00,80,0.00,3.00,80

8583,0.00,3.00,80,0.00,3.00,80

8600,0.00,3.00,80,0.00,3.00,80

8616,0.00,3.00,80,0.00,3.00,80

8632,0.00,3.00,80,0.00,3.00,80

8649,0.00,3.00,80,0.00,3.00,80

8667,0.00,3.00,80,0.00,3.00,80

8686,0.00,3.00,80,0.00,3.00,80

8702,0.00,3.00,80,0.00,3.00,80

8716,0.00,3.00,80,0.00,3.00,80

8737,0.00,3.00,80,0.00,3.00,80

8750,0.00,3.00,80,0.00,3.00,80

8766,0.00,3.00,80,0.00,3.00,80

8786,0.00,3.00,80,0.00,3.00,80

8800,0.00,3.00,80,0.00,3.00,80

8815,0.00,3.00,80,0.00,3.00,80

8836,0.00,3.00,80,0.00,3.00,80

8851,0.00,3.00,80,0.00,3.00,80

8867,0.00,3.00,80,0.00,3.00,80

8883,0.00,3.00,80,0.00,3.00,80

8902,0.00,3.00,80,0.00,3.00,80

8918,0.00,3.00,80,0.00,3.00,80

8935,0.00,3.00,80,0.00,3.00,80

8949,0.00,3.00,80,0.00,3.00,80

8968,0.00,3.00,80,0.00,3.00,80

8986,0.00,3.00,80,0.00,3.00,80

8999,0.00,3.00,80,0.00,3.00,80

9016,0.00,3.00,80,0.00,3.00,80

9035,0.00,3.00,80,0.00,3.00,80

9050,0.00,3.00,80,0.00,3.00,80

9066,0.00,3.00,80,0.00,3.00,80

9086,0.00,3.00,80,0.00,3.00,80

9100,0.00,3.00,80,0.00,3.00,80

9116,0.00,3.00,80,0.00,3.00,80

9136,0.00,3.00,80,0.00,3.00,80

9149,0.00,3.00,80,0.00,3.00,80

9166,0.00,3.00,80,0.00,3.00,80

9186,0.00,3.00,80,0.00,3.00,80

9201,0.00,3.00,80,0.00,3.00,80

9216,0.00,3.00,80,0.00,3.00,80

9237,0.00,3.00,80,0.00,3.00,80

9249,0.00,3.00,80,0.00,3.00,80

9266,0.00,3.00,80,0.00,3.00,80

9286,0.00,3.00,80,0.00,3.00,80

9300,0.00,3.00,80,0.00,3.00,80

9318,0.00,3.00,80,0.00,3.00,80

9335,0.00,3.00,80,0.00,3.00,80

9351,0.00,3.00,80,0.00,3.00,80

9367,0.00,3.00,80,0.00,3.00,80

9386,0.00,3.00,80,0.00,3.00,80

9400,0.00,3.00,80,0.00,3.00,80

9416,0.00,3.00,80,0.00,3.00,80

9435,0.00,3.00,80,0.00,3.00,80

9450,0.00,3.00,80,0.00,3.00,80

9467,0.00,3.00,80,0.00,3.00,80

9483,0.00,3.00,80,0.00,3.00,80

9502,0.00,3.00,80,0.00,3.00,80

9516,0.00,3.00,80,0.00,3.00,80

9536,0.00,3.00,80,0.00,3.00,80

9549,0.00,3.00,80,0.00,3.00,80

9568,0.00,3.00,80,0.00,3.00,80

9586,0.00,3.00,80,0.00,3.00,80

9601,0.00,3.00,80,0.00,3.00,80

9616,0.00,3.00,80,0.00,3.00,80

9636,0.00,3.00,80,0.00,3.00,80

9652,0.00,3.00,80,0.00,3.00,80

9670,0.00,3.00,80,0.00,3.00,80

9685,0.00,3.00,80,0.00,3.00,80

9699,0.00,3.00,80,0.00,3.00,80

9717,0.00,3.00,80,0.00,3.00,80

9736,0.00,3.00,80,0.00,3.00,80

9749,0.00,3.00,80,0.00,3.00,80

9769,0.00,3.00,80,0.00,3.00,80

9783,0.00,3.00,80,0.00,3.00,80

9799,0.00,3.00,80,0.00,3.00,80

9820,0.00,3.00,80,0.00,3.00,80

9835,0.00,3.00,80,0.00,3.00,80

9851,0.00,3.00,80,0.00,3.00,80

9866,0.00,3.00,80,0.00,3.00,80

9886,0.00,3.00,80,0.00,3.00,80

9902,0.00,3.00,80,0.00,3.00,80

9916,0.00,3.00,80,0.00,3.00,80

9936,0.00,3.00,80,0.00,3.00,80

9952,0.00,3.00,80,0.00,3.00,80

9967,0.00,3.00,80,0.00,3.00,80

9985,0.00,3.00,80,0.00,3.00,80

10000,0.00,3.00,80,0.00,3.00,80

10017,0.00,3.00,80,0.00,3.00,80

10034,0.00,3.00,80,0.00,3.00,80

10052,0.00,3.00,80,0.00,3.00,80

10067,0.00,3.00,80,0.00,3.00,80

10086,0.00,3.00,80,0.00,3.00,80

10100,0.00,3.00,80,0.00,3.00,80

10118,0.00,3.00,80,0.00,3.00,80

10137,0.00,3.00,80,0.00,3.00,80

10151,0.00,3.00,80,0.00,3.00,80

10167,0.00,3.00,80,0.00,3.00,80

10187,0.00,3.00,80,0.00,3.00,80

10200,0.00,3.00,80,0.00,3.00,80

10217,0.00,3.00,80,0.00,3.00,80

10237,0.00,3.00,80,0.00,3.00,80

10250,0.00,3.00,80,0.00,3.00,80

10269,0.00,3.00,80,0.00,3.00,80

10285,0.00,3.00,80,0.00,3.00,80

10300,0.00,3.00,80,0.00,3.00,80

10316,0.00,3.00,80,0.00,3.00,80

10336,0.00,3.00,80,0.00,3.00,80

10352,0.00,3.00,80,0.00,3.00,80

10368,0.00,3.00,80,0.00,3.00,80

10386,0.00,3.00,80,0.00,3.00,80

10402,0.00,3.00,80,0.00,3.00,80

10419,0.00,3.00,80,0.00,3.00,80

10432,0.00,3.00,80,0.00,3.00,80

10454,0.00,3.00,80,0.00,3.00,80

10467,0.00,3.00,80,0.00,3.00,80

10486,0.00,3.00,80,0.00,3.00,80

10502,0.00,3.00,80,0.00,3.00,80

10516,0.00,3.00,80,0.00,3.00,80

10536,0.00,3.00,80,0.00,3.00,80

10552,0.00,3.00,80,0.00,3.00,80

10568,0.00,3.00,80,0.00,3.00,80

10585,0.00,3.00,80,0.00,3.00,80

10599,0.00,3.00,80,0.00,3.00,80

10617,0.00,3.00,80,0.00,3.00,80

10635,0.00,3.00,80,0.00,3.00,80

10649,0.00,3.00,80,0.00,3.00,80

10667,0.00,3.00,80,0.00,3.00,80

10686,0.00,3.00,80,0.00,3.00,80

10700,0.00,3.00,80,0.00,3.00,80

10716,0.00,3.00,80,0.00,3.00,80

10737,0.00,3.00,80,0.00,3.00,80

10749,0.00,3.00,80,0.00,3.00,80

10770,0.00,3.00,80,0.00,3.00,80

10782,0.00,3.00,80,0.00,3.00,80

10803,0.00,3.00,80,0.00,3.00,80

10818,0.00,3.00,80,0.00,3.00,80

10836,0.00,3.00,80,0.00,3.00,80

10852,0.00,3.00,80,0.00,3.00,80

10866,0.00,3.00,80,0.00,3.00,80

10885,0.00,3.00,80,0.00,3.00,80

10899,0.00,3.00,80,0.00,3.00,80

10920,0.00,3.00,80,0.00,3.00,80

10936,0.00,3.00,80,0.00,3.00,80

10950,0.00,3.00,80,0.00,3.00,80

10967,0.00,3.00,80,0.00,3.00,80

10983,0.00,3.00,80,0.00,3.00,80

11003,0.00,3.00,80,0.00,3.00,80

11017,0.00,3.00,80,0.00,3.00,80

11037,0.00,3.00,80,0.00,3.00,80

11050,0.00,3.00,80,0.00,3.00,80

11070,0.00,3.00,80,0.00,3.00,80

11086,0.00,3.00,80,0.00,3.00,80

11102,0.00,3.00,80,0.00,3.00,80

11116,0.00,3.00,80,0.00,3.00,80

11136,0.00,3.00,80,0.00,3.00,80

11151,0.00,3.00,80,0.00,3.00,80

11167,0.00,3.00,80,0.00,3.00,80

11186,0.00,3.00,80,0.00,3.00,80

11203,0.00,3.00,80,0.00,3.00,80

11216,0.00,3.00,80,0.00,3.00,80

11235,0.00,3.00,80,0.00,3.00,80

11249,0.00,3.00,80,0.00,3.00,80

11267,0.00,3.00,80,0.00,3.00,80

11285,0.00,3.00,80,0.00,3.00,80

11299,0.00,3.00,80,0.00,3.00,80

11316,0.00,3.00,80,0.00,3.00,80

11337,0.00,3.00,80,0.00,3.00,80

11349,0.00,3.00,80,0.00,3.00,80

11367,0.00,3.00,80,0.00,3.00,80

11386,0.00,3.00,80,0.00,3.00,80

11402,0.00,3.00,80,0.00,3.00,80

11418,0.00,3.00,80,0.00,3.00,80

11435,0.00,3.00,80,0.00,3.00,80

11450,0.00,3.00,80,0.00,3.00,80

11467,0.00,3.00,80,0.00,3.00,80

11487,0.00,3.00,80,0.00,3.00,80

11500,0.00,3.00,80,0.00,3.00,80

11516,0.00,3.00,80,0.00,3.00,80

11536,0.00,3.00,80,0.00,3.00,80

11552,0.00,3.00,80,0.00,3.00,80

11569,0.00,3.00,80,0.00,3.00,80

11585,0.00,3.00,80,0.00,3.00,80

11600,0.00,3.00,80,0.00,3.00,80

11616,0.00,3.00,80,0.00,3.00,80

11636,0.00,3.00,80,0.00,3.00,80

11651,0.00,3.00,80,0.00,3.00,80

11668,0.00,3.00,80,0.00,3.00,80

11685,0.00,3.00,80,0.00,3.00,80

11702,0.00,3.00,80,0.00,3.00,80

11716,0.00,3.00,80,0.00,3.00,80

11737,0.00,3.00,80,0.00,3.00,80

11752,0.00,3.00,80,0.00,3.00,80

11766,0.00,3.00,80,0.00,3.00,80

11786,0.00,3.00,80,0.00,3.00,80

11802,0.00,3.00,80,0.00,3.00,80

11819,0.00,3.00,80,0.00,3.00,80

11836,0.00,3.00,80,0.00,3.00,80

11852,0.00,3.00,80,0.00,3.00,80

11866,0.00,3.00,80,0.00,3.00,80

11886,0.00,3.00,80,0.00,3.00,80

11899,0.00,3.00,80,0.00,3.00,80

11917,0.00,3.00,80,0.00,3.00,80

11933,0.00,3.00,80,0.00,3.00,80

11951,0.00,3.00,80,0.00,3.00,80

11968,0.00,3.00,80,0.00,3.00,80

11985,0.00,3.00,80,0.00,3.00,80

12001,0.00,3.00,80,0.00,3.00,80

12016,0.00,3.00,80,0.00,3.00,80

12036,0.00,3.00,80,0.00,3.00,80

12051,0.00,3.00,80,0.00,3.00,80

12069,0.00,3.00,80,0.00,3.00,80

12085,0.00,3.00,80,0.00,3.00,80

12101,0.00,3.00,80,0.00,3.00,80

12116,0.00,3.00,80,0.00,3.00,80

12136,0.00,3.00,80,0.00,3.00,80

12150,0.00,3.00,80,0.00,3.00,80

12167,0.00,3.00,80,0.00,3.00,80

12185,0.00,3.00,80,0.00,3.00,80

12200,0.00,3.00,80,0.00,3.00,80

12219,0.00,3.00,80,0.00,3.00,80

12235,0.00,3.00,80,0.00,3.00,80

12251,0.00,3.00,80,0.00,3.00,80

12266,0.00,3.00,80,0.00,3.00,80

12285,0.00,3.00,80,0.00,3.00,80

12300,0.00,3.00,80,0.00,3.00,80

12317,0.00,3.00,80,0.00,3.00,80

12335,0.00,3.00,80,0.00,3.00,80

12350,0.00,3.00,80,0.00,3.00,80

12366,0.00,3.00,80,0.00,3.00,80

12383,0.00,3.00,80,0.00,3.00,80

12400,0.00,3.00,80,0.00,3.00,80

12417,0.00,3.00,80,0.00,3.00,80

12433,0.00,3.00,80,0.00,3.00,80

12451,0.00,3.00,80,0.00,3.00,80

12468,0.00,3.00,80,0.00,3.00,80

12486,0.00,3.00,80,0.00,3.00,80

12501,0.00,3.00,80,0.00,3.00,80

12518,0.00,3.00,80,0.00,3.00,80

12535,0.00,3.00,80,0.00,3.00,80

12551,0.00,3.00,80,0.00,3.00,80

12567,0.00,3.00,80,0.00,3.00,80

12586,0.00,3.00,80,0.00,3.00,80

12602,0.00,3.00,80,0.00,3.00,80

12618,0.00,3.00,80,0.00,3.00,80

12635,0.00,3.00,80,0.00,3.00,80

12652,0.00,3.00,80,0.00,3.00,80

12668,0.00,3.00,80,0.00,3.00,80

12686,0.00,3.00,80,0.00,3.00,80

12701,0.00,3.00,80,0.00,3.00,80

12716,0.00,3.00,80,0.00,3.00,80

12735,0.00,3.00,80,0.00,3.00,80

12752,0.00,3.00,80,0.00,3.00,80

12766,0.00,3.00,80,0.00,3.00,80

12786,0.00,3.00,80,0.00,3.00,80

12801,0.00,3.00,80,0.00,3.00,80

12816,0.00,3.00,80,0.00,3.00,80

12835,0.00,3.00,80,0.00,3.00,80

12851,0.00,3.00,80,0.00,3.00,80

12869,0.00,3.00,80,0.00,3.00,80

12885,0.00,3.00,80,0.00,3.00,80

12901,0.00,3.00,80,0.00,3.00,80

12916,0.00,3.00,80,0.00,3.00,80

12935,0.00,3.00,80,0.00,3.00,80

12951,0.00,3.00,80,0.00,3.00,80

12968,0.00,3.00,80,0.00,3.00,80

12985,0.00,3.00,80,0.00,3.00,80

13001,0.00,3.00,80,0.00,3.00,80

13020,0.00,3.00,80,0.00,3.00,80

13033,0.00,3.00,80,0.00,3.00,80

13051,0.00,3.00,80,0.00,3.00,80

13066,0.00,3.00,80,0.00,3.00,80

13086,0.00,3.00,80,0.00,3.00,80

13101,0.00,3.00,80,0.00,3.00,80

13117,0.00,3.00,80,0.00,3.00,80

13136,0.00,3.00,80,0.00,3.00,80

13150,0.00,3.00,80,0.00,3.00,80

13167,0.00,3.00,80,0.00,3.00,80

13186,0.00,3.00,80,0.00,3.00,80

13201,0.00,3.00,80,0.00,3.00,80

13218,0.00,3.00,80,0.00,3.00,80

13236,0.00,3.00,80,0.00,3.00,80

13253,0.00,3.00,80,0.00,3.00,80

13266,0.00,3.00,80,0.00,3.00,80

13286,0.00,3.00,80,0.00,3.00,80

13301,0.00,3.00,80,0.00,3.00,80

13317,0.00,3.00,80,0.00,3.00,80

13335,0.00,3.00,80,0.00,3.00,80

13349,0.00,3.00,80,0.00,3.00,80

13368,0.00,3.00,80,0.00,3.00,80

13383,0.00,3.00,80,0.00,3.00,80

13400,0.00,3.00,80,0.00,3.00,80

13417,0.00,3.00,80,0.00,3.00,80

13436,0.00,3.00,80,0.00,3.00,80

13451,0.00,3.00,80,0.00,3.00,80

13469,0.00,3.00,80,0.00,3.00,80

13485,0.00,3.00,80,0.00,3.00,80

13501,0.00,3.00,80,0.00,3.00,80

13518,0.00,3.00,80,0.00,3.00,80

13534,0.00,3.00,80,0.00,3.00,80

13551,0.00,3.00,80,0.00,3.00,80

13567,0.00,3.00,80,0.00,3.00,80

13586,0.00,3.00,80,0.00,3.00,80

13600,0.00,3.00,80,0.00,3.00,80

13618,0.00,3.00,80,0.00,3.00,80

13636,0.00,3.00,80,0.00,3.00,80

13651,0.00,3.00,80,0.00,3.00,80

13666,0.00,3.00,80,0.00,3.00,80

13685,0.00,3.00,80,0.00,3.00,80

13702,0.00,3.00,80,0.00,3.00,80

13717,0.00,3.00,80,0.00,3.00,80

13735,0.00,3.00,80,0.00,3.00,80

13752,0.00,3.00,80,0.00,3.00,80

13767,0.00,3.00,80,0.00,3.00,80

13785,0.00,3.00,80,0.00,3.00,80

13801,0.00,3.00,80,0.00,3.00,80

13816,0.00,3.00,80,0.00,3.00,80

13837,0.00,3.00,80,0.00,3.00,80

13852,0.00,3.00,80,0.00,3.00,80

13868,0.00,3.00,80,0.00,3.00,80

13885,0.00,3.00,80,0.00,3.00,80

13902,0.00,3.00,80,0.00,3.00,80

13916,0.00,3.00,80,0.00,3.00,80

13935,0.00,3.00,80,0.00,3.00,80

13951,0.00,3.00,80,0.00,3.00,80

13968,0.00,3.00,80,0.00,3.00,80

13986,0.00,3.00,80,0.00,3.00,80

14002,0.00,3.00,80,0.00,3.00,80

14019,0.00,3.00,80,0.00,3.00,80

14036,0.00,3.00,80,0.00,3.00,80

14051,0.00,3.00,80,0.00,3.00,80

14066,0.00,3.00,80,0.00,3.00,80

14085,0.00,3.00,80,0.00,3.00,80

14102,0.00,3.00,80,0.00,3.00,80

14116,0.00,3.00,80,0.00,3.00,80

14136,0.00,3.00,80,0.00,3.00,80

14151,0.00,3.00,80,0.00,3.00,80

14169,0.00,3.00,80,0.00,3.00,80

14185,0.00,3.00,80,0.00,3.00,80

14200,0.00,3.00,80,0.00,3.00,80

14216,0.00,3.00,80,0.00,3.00,80

14236,0.00,3.00,80,0.00,3.00,80

14251,0.00,3.00,80,0.00,3.00,80

14267,0.00,3.00,80,0.00,3.00,80

14285,0.00,3.00,80,0.00,3.00,80

14301,0.00,3.00,80,0.00,3.00,80

14316,0.00,3.00,80,0.00,3.00,80

14333,0.00,3.00,80,0.00,3.00,80

14350,0.00,3.00,80,0.00,3.00,80

14368,0.00,3.00,80,0.00,3.00,80

14386,0.00,3.00,80,0.00,3.00,80

14400,0.00,3.00,80,0.00,3.00,80

14416,0.00,3.00,80,0.00,3.00,80

14436,0.00,3.00,80,0.00,3.00,80

14451,0.00,3.00,80,0.00,3.00,80

14468,0.00,3.00,80,0.00,3.00,80

14485,0.00,3.00,80,0.00,3.00,80

14503,0.00,3.00,80,0.00,3.00,80

14518,0.00,3.00,80,0.00,3.00,80

14536,0.00,3.00,80,0.00,3.00,80

14552,0.00,3.00,80,0.00,3.00,80

14566,0.00,3.00,80,0.00,3.00,80

14586,0.00,3.00,80,0.00,3.00,80

14601,0.00,3.00,80,0.00,3.00,80

14616,0.00,3.00,80,0.00,3.00,80

14636,0.00,3.00,80,0.00,3.00,80

14651,0.00,3.00,80,0.00,3.00,80

14669,0.00,3.00,80,0.00,3.00,80

14687,0.00,3.00,80,0.00,3.00,80

14702,0.00,3.00,80,0.00,3.00,80

14716,0.00,3.00,80,0.00,3.00,80

14737,0.00,3.00,80,0.00,3.00,80

14750,0.00,3.00,80,0.00,3.00,80

14768,0.00,3.00,80,0.00,3.00,80

14786,0.00,3.00,80,0.00,3.00,80

14801,0.00,3.00,80,0.00,3.00,80

14818,0.00,3.00,80,0.00,3.00,80

14836,0.00,3.00,80,0.00,3.00,80

14851,0.00,3.00,80,0.00,3.00,80

14867,0.00,3.00,80,0.00,3.00,80

14886,0.00,3.00,80,0.00,3.00,80

14901,0.00,3.00,80,0.00,3.00,80

14917,0.00,3.00,80,0.00,3.00,80

14936,0.00,3.00,80,0.00,3.00,80

14951,0.00,3.00,80,0.00,3.00,80

14969,0.00,3.00,80,0.00,3.00,80

14986,0.00,3.00,80,0.00,3.00,80

15000,0.00,3.00,80,0.00,3.00,80

15017,0.00,3.00,80,0.00,3.00,80

15033,0.00,3.00,80,0.00,3.00,80

15052,0.00,3.00,80,0.00,3.00,80

15068,0.00,3.00,80,0.00,3.00,80

15086,0.00,3.00,80,0.00,3.00,80

15101,0.00,3.00,80,0.00,3.00,80

15116,0.00,3.00,80,0.00,3.00,80

15136,0.00,3.00,80,0.00,3.00,80

15151,0.00,3.00,80,0.00,3.00,80

15168,0.00,3.00,80,0.00,3.00,80

15186,0.00,3.00,80,0.00,3.00,80

15203,0.00,3.00,80,0.00,3.00,80

15216,0.00,3.00,80,0.00,3.00,80

15236,0.00,3.00,80,0.00,3.00,80

15249,0.00,3.00,80,0.00,3.00,80

15268,0.00,3.00,80,0.00,3.00,80

15286,0.00,3.00,80,0.00,3.00,80

15302,0.00,3.00,80,0.00,3.00,80

15319,0.00,3.00,80,0.00,3.00,80

15335,0.00,3.00,80,0.00,3.00,80

15351,0.00,3.00,80,0.00,3.00,80

15368,0.00,3.00,80,0.00,3.00,80

15386,0.00,3.00,80,0.00,3.00,80

15401,0.00,3.00,80,0.00,3.00,80

15416,0.00,3.00,80,0.00,3.00,80

15433,0.00,3.00,80,0.00,3.00,80

15451,0.00,3.00,80,0.00,3.00,80

15470,0.00,3.00,80,0.00,3.00,80

15486,0.00,3.00,80,0.00,3.00,80

15501,0.00,3.00,80,0.00,3.00,80

15516,0.00,3.00,80,0.00,3.00,80

15536,0.00,3.00,80,0.00,3.00,80

15551,0.00,3.00,80,0.00,3.00,80

15569,0.00,3.00,80,0.00,3.00,80

15586,0.00,3.00,80,0.00,3.00,80

15600,0.00,3.00,80,0.00,3.00,80

15617,0.00,3.00,80,0.00,3.00,80

15637,0.00,3.00,80,0.00,3.00,80

15651,0.00,3.00,80,0.00,3.00,80

15667,0.00,3.00,80,0.00,3.00,80

15685,0.00,3.00,80,0.00,3.00,80

15702,0.00,3.00,80,0.00,3.00,80

15719,0.00,3.00,80,0.00,3.00,80

15735,0.00,3.00,80,0.00,3.00,80

15753,0.00,3.00,80,0.00,3.00,80

15767,0.00,3.00,80,0.00,3.00,80

15785,0.00,3.00,80,0.00,3.00,80

15800,0.00,3.00,80,0.00,3.00,80

15816,0.00,3.00,80,0.00,3.00,80

15836,0.00,3.00,80,0.00,3.00,80

15852,0.00,3.00,80,0.00,3.00,80

15866,0.00,3.00,80,0.00,3.00,80

15885,0.00,3.00,80,0.00,3.00,80

15901,0.00,3.00,80,0.00,3.00,80

15920,0.00,3.00,80,0.00,3.00,80

15935,0.00,3.00,80,0.00,3.00,80

15952,0.00,3.00,80,0.00,3.00,80

15966,0.00,3.00,80,0.00,3.00,80

15985,0.00,3.00,80,0.00,3.00,80

16003,0.00,3.00,80,0.00,3.00,80

16016,0.00,3.00,80,0.00,3.00,80

16034,0.00,3.00,80,0.00,3.00,80

16051,0.00,3.00,80,0.00,3.00,80

16067,0.00,3.00,80,0.00,3.00,80

16086,0.00,3.00,80,0.00,3.00,80

16101,0.00,3.00,80,0.00,3.00,80

16116,0.00,3.00,80,0.00,3.00,80

16138,0.00,3.00,80,0.00,3.00,80

16151,0.00,3.00,80,0.00,3.00,80

16166,0.00,3.00,80,0.00,3.00,80

16185,0.00,3.00,80,0.00,3.00,80

16202,0.00,3.00,80,0.00,3.00,80

16217,0.00,3.00,80,0.00,3.00,80

16236,0.00,3.00,80,0.00,3.00,80

16251,0.00,3.00,80,0.00,3.00,80

16266,0.00,3.00,80,0.00,3.00,80

16286,0.00,3.00,80,0.00,3.00,80

16300,0.00,3.00,80,0.00,3.00,80

16318,0.00,3.00,80,0.00,3.00,80

16335,0.00,3.00,80,0.00,3.00,80

16353,0.00,3.00,80,0.00,3.00,80

16366,0.00,3.00,80,0.00,3.00,80

16387,0.00,3.00,80,0.00,3.00,80

16401,0.00,3.00,80,0.00,3.00,80

16419,0.00,3.00,80,0.00,3.00,80

16436,0.00,3.00,80,0.00,3.00,80

16451,0.00,3.00,80,0.00,3.00,80

16468,0.00,3.00,80,0.00,3.00,80

16483,0.00,3.00,80,0.00,3.00,80

16503,0.00,3.00,80,0.00,3.00,80

16517,0.00,3.00,80,0.00,3.00,80

16536,0.00,3.00,80,0.00,3.00,80

16550,0.00,3.00,80,0.00,3.00,80

16570,0.00,3.00,80,0.00,3.00,80

16586,0.00,3.00,80,0.00,3.00,80

16601,0.00,3.00,80,0.00,3.00,80

16617,0.00,3.00,80,0.00,3.00,80

16635,0.00,3.00,80,0.00,3.00,80

16651,0.00,3.00,80,0.00,3.00,80

16667,0.00,3.00,80,0.00,3.00,80

16686,0.00,3.00,80,0.00,3.00,80

16701,0.00,3.00,80,0.00,3.00,80

16716,0.00,3.00,80,0.00,3.00,80

16736,0.00,3.00,80,0.00,3.00,80

16753,0.00,3.00,80,0.00,3.00,80

16770,0.00,3.00,80,0.00,3.00,80

16786,0.00,3.00,80,0.00,3.00,80

16800,0.00,3.00,80,0.00,3.00,80

16816,0.00,3.00,80,0.00,3.00,80

16836,0.00,3.00,80,0.00,3.00,80

16851,0.00,3.00,80,0.00,3.00,80

16866,0.00,3.00,80,0.00,3.00,80

16884,0.00,3.00,80,0.00,3.00,80

16902,0.00,3.00,80,0.00,3.00,80

16917,0.00,3.00,80,0.00,3.00,80

16936,0.00,3.00,80,0.00,3.00,80

16950,0.00,3.00,80,0.00,3.00,80

16968,0.00,3.00,80,0.00,3.00,80

16986,0.00,3.00,80,0.00,3.00,80

17002,0.00,3.00,80,0.00,3.00,80

17017,0.00,3.00,80,0.00,3.00,80

17037,0.00,3.00,80,0.00,3.00,80

17050,0.00,3.00,80,0.00,3.00,80

17066,0.00,3.00,80,0.00,3.00,80

17085,0.00,3.00,80,0.00,3.00,80

17101,0.00,3.00,80,0.00,3.00,80

17116,0.00,3.00,80,0.00,3.00,80

17136,0.00,3.00,80,0.00,3.00,80

17151,0.00,3.00,80,0.00,3.00,80

17166,0.00,3.00,80,0.00,3.00,80

17185,0.00,3.00,80,0.00,3.00,80

17201,0.00,3.00,80,0.00,3.00,80

17216,0.00,3.00,80,0.00,3.00,80

17235,0.00,3.00,80,0.00,3.00,80

17252,0.00,3.00,80,0.00,3.00,80

17267,0.00,3.00,80,0.00,3.00,80

17285,0.00,3.00,80,0.00,3.00,80

17301,0.00,3.00,80,0.00,3.00,80

17316,0.00,3.00,80,0.00,3.00,80

17336,0.00,3.00,80,0.00,3.00,80

17351,0.00,3.00,80,0.00,3.00,80

17368,0.00,3.00,80,0.00,3.00,80

17385,0.00,3.00,80,0.00,3.00,80

17402,0.00,3.00,80,0.00,3.00,80

17416,0.00,3.00,80,0.00,3.00,80

17435,0.00,3.00,80,0.00,3.00,80

17450,0.00,3.00,80,0.00,3.00,80

17467,0.00,3.00,80,0.00,3.00,80

17486,0.00,3.00,80,0.00,3.00,80

17502,0.00,3.00,80,0.00,3.00,80

17516,0.00,3.00,80,0.00,3.00,80

17536,0.00,3.00,80,0.00,3.00,80

17551,0.00,3.00,80,0.00,3.00,80

17566,0.00,3.00,80,0.00,3.00,80

17585,0.00,3.00,80,0.00,3.00,80

17601,0.00,3.00,80,0.00,3.00,80

17618,0.00,3.00,80,0.00,3.00,80

17636,0.00,3.00,80,0.00,3.00,80

17652,0.00,3.00,80,0.00,3.00,80

17667,0.00,3.00,80,0.00,3.00,80

17686,0.00,3.00,80,0.00,3.00,80

17701,0.00,3.00,80,0.00,3.00,80

17716,0.00,3.00,80,0.00,3.00,80

17735,0.00,3.00,80,0.00,3.00,80

17751,0.00,3.00,80,0.00,3.00,80

17769,0.00,3.00,80,0.00,3.00,80

17785,0.00,3.00,80,0.00,3.00,80

17803,0.00,3.00,80,0.00,3.00,80

17817,0.00,3.00,80,0.00,3.00,80

17836,0.00,3.00,80,0.00,3.00,80

17851,0.00,3.00,80,0.00,3.00,80

17866,0.00,3.00,80,0.00,3.00,80

17884,0.00,3.00,80,0.00,3.00,80

17901,0.00,3.00,80,0.00,3.00,80

17919,0.00,3.00,80,0.00,3.00,80

17935,0.00,3.00,80,0.00,3.00,80

17950,0.00,3.00,80,0.00,3.00,80

17966,0.00,3.00,80,0.00,3.00,80

17986,0.00,3.00,80,0.00,3.00,80

18001,0.00,3.00,80,0.00,3.00,80

18016,0.00,3.00,80,0.00,3.00,80

18035,0.00,3.00,80,0.00,3.00,80

18051,0.00,3.00,80,0.00,3.00,80

18070,0.00,3.00,80,0.00,3.00,80

18085,0.00,3.00,80,0.00,3.00,80

18103,0.00,3.00,80,0.00,3.00,80

18118,0.00,3.00,80,0.00,3.00,80

18133,0.00,3.00,80,0.00,3.00,80

18150,0.00,3.00,80,0.00,3.00,80

18166,0.00,3.00,80,0.00,3.00,80

18186,0.00,3.00,80,0.00,3.00,80

18201,0.00,3.00,80,0.00,3.00,80

18218,0.00,3.00,80,0.00,3.00,80

18235,0.00,3.00,80,0.00,3.00,80

18251,0.00,3.00,80,0.00,3.00,80

18268,0.00,3.00,80,0.00,3.00,80

18285,0.00,3.00,80,0.00,3.00,80

18301,0.00,3.00,80,0.00,3.00,80

18316,0.00,3.00,80,0.00,3.00,80

18336,0.00,3.00,80,0.00,3.00,80

18352,0.00,3.00,80,0.00,3.00,80

18369,0.00,3.00,80,0.00,3.00,80

18385,0.00,3.00,80,0.00,3.00,80

18402,0.00,3.00,80,0.00,3.00,80

18418,0.00,3.00,80,0.00,3.00,80

18435,0.00,3.00,80,0.00,3.00,80

18453,0.00,3.00,80,0.00,3.00,80

18467,0.00,3.00,80,0.00,3.00,80

18485,0.00,3.00,80,0.00,3.00,80

18500,0.00,3.00,80,0.00,3.00,80

18517,0.00,3.00,80,0.00,3.00,80

18535,0.00,3.00,80,0.00,3.00,80

18551,0.00,3.00,80,0.00,3.00,80

18568,0.00,3.00,80,0.00,3.00,80

18586,0.00,3.00,80,0.00,3.00,80

18602,0.00,3.00,80,0.00,3.00,80

18617,0.00,3.00,80,0.00,3.00,80

18636,0.00,3.00,80,0.00,3.00,80

18652,0.00,3.00,80,0.00,3.00,80

18666,0.00,3.00,80,0.00,3.00,80

18686,0.00,3.00,80,0.00,3.00,80

18700,0.00,3.00,80,0.00,3.00,80

18720,0.00,3.00,80,0.00,3.00,80

18735,0.00,3.00,80,0.00,3.00,80

18751,0.00,3.00,80,0.00,3.00,80

18770,0.00,3.00,80,0.00,3.00,80

18786,0.00,3.00,80,0.00,3.00,80

18802,0.00,3.00,80,0.00,3.00,80

18816,0.00,3.00,80,0.00,3.00,80

18836,0.00,3.00,80,0.00,3.00,80

18851,0.00,3.00,80,0.00,3.00,80

18866,0.00,3.00,80,0.00,3.00,80

18885,0.00,3.00,80,0.00,3.00,80

18903,0.00,3.00,80,0.00,3.00,80

18918,0.00,3.00,80,0.00,3.00,80

18936,0.00,3.00,80,0.00,3.00,80

18953,0.00,3.00,80,0.00,3.00,80

18967,0.00,3.00,80,0.00,3.00,80

18986,0.00,3.00,80,0.00,3.00,80

19000,0.00,3.00,80,0.00,3.00,80

19017,0.00,3.00,80,0.00,3.00,80

19036,0.00,3.00,80,0.00,3.00,80

19052,0.00,3.00,80,0.00,3.00,80

19069,0.00,3.00,80,0.00,3.00,80

19086,0.00,3.00,80,0.00,3.00,80

19102,0.00,3.00,80,0.00,3.00,80

19116,0.00,3.00,80,0.00,3.00,80

19136,0.00,3.00,80,0.00,3.00,80

19152,0.00,3.00,80,0.00,3.00,80

19167,0.00,3.00,80,0.00,3.00,80

19185,0.00,3.00,80,0.00,3.00,80

19201,0.00,3.00,80,0.00,3.00,80

19216,0.00,3.00,80,0.00,3.00,80

19235,0.00,3.00,80,0.00,3.00,80

19251,0.00,3.00,80,0.00,3.00,80

19267,0.00,3.00,80,0.00,3.00,80

19285,0.00,3.00,80,0.00,3.00,80

19300,0.00,3.00,80,0.00,3.00,80

19316,0.00,3.00,80,0.00,3.00,80

19333,0.00,3.00,80,0.00,3.00,80

19350,0.00,3.00,80,0.00,3.00,80

19367,0.00,3.00,80,0.00,3.00,80

19385,0.00,3.00,80,0.00,3.00,80

19401,0.00,3.00,80,0.00,3.00,80

19418,0.00,3.00,80,0.00,3.00,80

19436,0.00,3.00,80,0.00,3.00,80

19452,0.00,3.00,80,0.00,3.00,80

19467,0.00,3.00,80,0.00,3.00,80

19487,0.00,3.00,80,0.00,3.00,80

19501,0.00,3.00,80,0.00,3.00,80

19516,0.00,3.00,80,0.00,3.00,80

19533,0.00,3.00,80,0.00,3.00,80

19551,0.00,3.00,80,0.00,3.00,80

19568,0.00,3.00,80,0.00,3.00,80

19586,0.00,3.00,80,0.00,3.00,80

19603,0.00,3.00,80,0.00,3.00,80

19617,0.00,3.00,80,0.00,3.00,80

19634,0.00,3.00,80,0.00,3.00,80

19651,0.00,3.00,80,0.00,3.00,80

19667,0.00,3.00,80,0.00,3.00,80

19684,0.00,3.00,80,0.00,3.00,80

19701,0.00,3.00,80,0.00,3.00,80

19719,0.00,3.00,80,0.00,3.00,80

19735,0.00,3.00,80,0.00,3.00,80

19751,0.00,3.00,80,0.00,3.00,80

19767,0.00,3.00,80,0.00,3.00,80

19785,0.00,3.00,80,0.00,3.00,80

19801,0.00,3.00,80,0.00,3.00,80

19819,0.00,3.00,80,0.00,3.00,80

19836,0.00,3.00,80,0.00,3.00,80

19851,0.00,3.00,80,0.00,3.00,80

19870,0.00,3.00,80,0.00,3.00,80

19884,0.00,3.00,80,0.00,3.00,80

19901,0.00,3.00,80,0.00,3.00,80

19918,0.00,3.00,80,0.00,3.00,80

19936,0.00,3.00,80,0.00,3.00,80

19951,0.00,3.00,80,0.00,3.00,80

19966,0.00,3.00,80,0.00,3.00,80

19986,0.00,3.00,80,0.00,3.00,80

20001,0.00,3.00,80,0.00,3.00,80

20016,0.00,3.00,80,0.00,3.00,80

20036,0.00,3.00,80,0.00,3.00,80

20050,0.00,3.00,80,0.00,3.00,80

20068,0.00,3.00,80,0.00,3.00,80

20086,0.00,3.00,80,0.00,3.00,80

20103,0.00,3.00,80,0.00,3.00,80

20117,0.00,3.00,80,0.00,3.00,80

20137,0.00,3.00,80,0.00,3.00,80

20152,0.00,3.00,80,0.00,3.00,80

20166,0.00,3.00,80,0.00,3.00,80

20186,0.00,3.00,80,0.00,3.00,80

20201,0.00,3.00,80,0.00,3.00,80

20218,0.00,3.00,80,0.00,3.00,80

20235,0.00,3.00,80,0.00,3.00,80

20253,0.00,3.00,80,0.00,3.00,80

20266,0.00,3.00,80,0.00,3.00,80

20285,0.00,3.00,80,0.00,3.00,80

20300,0.00,3.00,80,0.00,3.00,80

20316,0.00,3.00,80,0.00,3.00,80

20336,0.00,3.00,80,0.00,3.00,80

20351,0.00,3.00,80,0.00,3.00,80

20366,0.00,3.00,80,0.00,3.00,80

20386,0.00,3.00,80,0.00,3.00,80

20400,0.00,3.00,80,0.00,3.00,80

20416,0.00,3.00,80,0.00,3.00,80

20435,0.00,3.00,80,0.00,3.00,80

20451,0.00,3.00,80,0.00,3.00,80

20467,0.00,3.00,80,0.00,3.00,80

20483,0.00,3.00,80,0.00,3.00,80

20501,0.00,3.00,80,0.00,3.00,80

20517,0.00,3.00,80,0.00,3.00,80

20535,0.00,3.00,80,0.00,3.00,80

20551,0.00,3.00,80,0.00,3.00,80

20567,0.00,3.00,80,0.00,3.00,80

20586,0.00,3.00,80,0.00,3.00,80

20600,0.00,3.00,80,0.00,3.00,80

20617,0.00,3.00,80,0.00,3.00,80

20637,0.00,3.00,80,0.00,3.00,80

20651,0.00,3.00,80,0.00,3.00,80

20666,0.00,3.00,80,0.00,3.00,80

20686,0.00,3.00,80,0.00,3.00,80

20700,0.00,3.00,80,0.00,3.00,80

20717,0.00,3.00,80,0.00,3.00,80

20736,0.00,3.00,80,0.00,3.00,80

20751,0.00,3.00,80,0.00,3.00,80

20766,0.00,3.00,80,0.00,3.00,80

20786,0.00,3.00,80,0.00,3.00,80

20802,0.00,3.00,80,0.00,3.00,80

20817,0.00,3.00,80,0.00,3.00,80

20835,0.00,3.00,80,0.00,3.00,80

20850,0.00,3.00,80,0.00,3.00,80

20869,0.00,3.00,80,0.00,3.00,80

20885,0.00,3.00,80,0.00,3.00,80

20903,0.00,3.00,80,0.00,3.00,80

20917,0.00,3.00,80,0.00,3.00,80

20936,0.00,3.00,80,0.00,3.00,80

20951,0.00,3.00,80,0.00,3.00,80

20967,0.00,3.00,80,0.00,3.00,80

20985,0.00,3.00,80,0.00,3.00,80

21000,0.00,3.00,80,0.00,3.00,80

21016,0.00,3.00,80,0.00,3.00,80

21036,0.00,3.00,80,0.00,3.00,80

21050,0.00,3.00,80,0.00,3.00,80

21067,0.00,3.00,80,0.00,3.00,80

21086,0.00,3.00,80,0.00,3.00,80

21100,0.00,3.00,80,0.00,3.00,80

21116,0.00,3.00,80,0.00,3.00,80

21136,0.00,3.00,80,0.00,3.00,80

21152,0.00,3.00,80,0.00,3.00,80

21170,0.00,3.00,80,0.00,3.00,80

21186,0.00,3.00,80,0.00,3.00,80

21201,0.00,3.00,80,0.00,3.00,80

21217,0.00,3.00,80,0.00,3.00,80

21235,0.00,3.00,80,0.00,3.00,80

21252,0.00,3.00,80,0.00,3.00,80

21267,0.00,3.00,80,0.00,3.00,80

21286,0.00,3.00,80,0.00,3.00,80

21301,0.00,3.00,80,0.00,3.00,80

21317,0.00,3.00,80,0.00,3.00,80

21335,0.00,3.00,80,0.00,3.00,80

21351,0.00,3.00,80,0.00,3.00,80

21368,0.00,3.00,80,0.00,3.00,80

21385,0.00,3.00,80,0.00,3.00,80

21403,0.00,3.00,80,0.00,3.00,80

21416,0.00,3.00,80,0.00,3.00,80

21436,0.00,3.00,80,0.00,3.00,80

21451,0.00,3.00,80,0.00,3.00,80

21468,0.00,3.00,80,0.00,3.00,80

21485,0.00,3.00,80,0.00,3.00,80

21501,0.00,3.00,80,0.00,3.00,80

21519,0.00,3.00,80,0.00,3.00,80

21536,0.00,3.00,80,0.00,3.00,80

21551,0.00,3.00,80,0.00,3.00,80

21566,0.00,3.00,80,0.00,3.00,80

21586,0.00,3.00,80,0.00,3.00,80

21602,0.00,3.00,80,0.00,3.00,80

21616,0.00,3.00,80,0.00,3.00,80

21636,0.00,3.00,80,0.00,3.00,80

21652,0.00,3.00,80,0.00,3.00,80

21669,0.00,3.00,80,0.00,3.00,80

21686,0.00,3.00,80,0.00,3.00,80

21701,0.00,3.00,80,0.00,3.00,80

21717,0.00,3.00,80,0.00,3.00,80

21736,0.00,3.00,80,0.00,3.00,80

21751,0.00,3.00,80,0.00,3.00,80

21767,0.00,3.00,80,0.00,3.00,80

21786,0.00,3.00,80,0.00,3.00,80

21800,0.00,3.00,80,0.00,3.00,80

21817,0.00,3.00,80,0.00,3.00,80

21835,0.00,3.00,80,0.00,3.00,80

21850,0.00,3.00,80,0.00,3.00,80

21869,0.00,3.00,80,0.00,3.00,80

21885,0.00,3.00,80,0.00,3.00,80

21902,0.00,3.00,80,0.00,3.00,80

21917,0.00,3.00,80,0.00,3.00,80

21936,0.00,3.00,80,0.00,3.00,80

21951,0.00,3.00,80,0.00,3.00,80

21967,0.00,3.00,80,0.00,3.00,80

21986,0.00,3.00,80,0.00,3.00,80

22000,0.00,3.00,80,0.00,3.00,80

22018,0.00,3.00,80,0.00,3.00,80

22035,0.00,3.00,80,0.00,3.00,80

22050,0.00,3.00,80,0.00,3.00,80

22066,0.00,3.00,80,0.00,3.00,80

22086,0.00,3.00,80,0.00,3.00,80

22103,0.00,3.00,80,0.00,3.00,80

22120,0.00,3.00,80,0.00,3.00,80

22133,0.00,3.00,80,0.00,3.00,80

22150,0.00,3.00,80,0.00,3.00,80

22166,0.00,3.00,80,0.00,3.00,80

22186,0.00,3.00,80,0.00,3.00,80

22200,0.00,3.00,80,0.00,3.00,80

22219,0.00,3.00,80,0.00,3.00,80

22235,0.00,3.00,80,0.00,3.00,80

22253,0.00,3.00,80,0.00,3.00,80

22267,0.00,3.00,80,0.00,3.00,80

22286,0.00,3.00,80,0.00,3.00,80

22300,0.00,3.00,80,0.00,3.00,80

22316,0.00,3.00,80,0.00,3.00,80

22336,0.00,3.00,80,0.00,3.00,80

22351,0.00,3.00,80,0.00,3.00,80

22368,0.00,3.00,80,0.00,3.00,80

22385,0.00,3.00,80,0.00,3.00,80

22401,0.00,3.00,80,0.00,3.00,80

22417,0.00,3.00,80,0.00,3.00,80

22435,0.00,3.00,80,0.00,3.00,80

22454,0.00,3.00,80,0.00,3.00,80

22467,0.00,3.00,80,0.00,3.00,80

22486,0.00,3.00,80,0.00,3.00,80

22500,0.00,3.00,80,0.00,3.00,80

22516,0.00,3.00,80,0.00,3.00,80

22535,0.00,3.00,80,0.00,3.00,80

22550,0.00,3.00,80,0.00,3.00,80

22567,0.00,3.00,80,0.00,3.00,80

22586,0.00,3.00,80,0.00,3.00,80

22600,0.00,3.00,80,0.00,3.00,80

22620,0.00,3.00,80,0.00,3.00,80

22634,0.00,3.00,80,0.00,3.00,80

22651,0.00,3.00,80,0.00,3.00,80

22667,0.00,3.00,80,0.00,3.00,80

22686,0.00,3.00,80,0.00,3.00,80

22703,0.00,3.00,80,0.00,3.00,80

22716,0.00,3.00,80,0.00,3.00,80

22736,0.00,3.00,80,0.00,3.00,80

22751,0.00,3.00,80,0.00,3.00,80

22767,0.00,3.00,80,0.00,3.00,80

22786,0.00,3.00,80,0.00,3.00,80

22800,0.00,3.00,80,0.00,3.00,80

22818,0.00,3.00,80,0.00,3.00,80

22835,0.00,3.00,80,0.00,3.00,80

22852,0.00,3.00,80,0.00,3.00,80

22866,0.00,3.00,80,0.00,3.00,80

22885,0.00,3.00,80,0.00,3.00,80

22900,0.00,3.00,80,0.00,3.00,80

22917,0.00,3.00,80,0.00,3.00,80

22935,0.00,3.00,80,0.00,3.00,80

22952,0.00,3.00,80,0.00,3.00,80

22970,0.00,3.00,80,0.00,3.00,80

22986,0.00,3.00,80,0.00,3.00,80

23001,0.00,3.00,80,0.00,3.00,80

23019,0.00,3.00,80,0.00,3.00,80

23035,0.00,3.00,80,0.00,3.00,80

23052,0.00,3.00,80,0.00,3.00,80

23066,0.00,3.00,80,0.00,3.00,80

23086,0.00,3.00,80,0.00,3.00,80

23100,0.00,3.00,80,0.00,3.00,80

23121,0.00,3.00,80,0.00,3.00,80

23136,0.00,3.00,80,0.00,3.00,80

23151,0.00,3.00,80,0.00,3.00,80

23168,0.00,3.00,80,0.00,3.00,80

23185,0.00,3.00,80,0.00,3.00,80

23202,0.00,3.00,80,0.00,3.00,80

23217,0.00,3.00,80,0.00,3.00,80

23237,0.00,3.00,80,0.00,3.00,80

23251,0.00,3.00,80,0.00,3.00,80

23267,0.00,3.00,80,0.00,3.00,80

23286,0.00,3.00,80,0.00,3.00,80

23301,0.00,3.00,80,0.00,3.00,80

23317,0.00,3.00,80,0.00,3.00,80

23336,0.00,3.00,80,0.00,3.00,80

23353,0.00,3.00,80,0.00,3.00,80

23366,0.00,3.00,80,0.00,3.00,80

23387,0.00,3.00,80,0.00,3.00,80

23400,0.00,3.00,80,0.00,3.00,80

23418,0.00,3.00,80,0.00,3.00,80

23436,0.00,3.00,80,0.00,3.00,80

23450,0.00,3.00,80,0.00,3.00,80

23469,0.00,3.00,80,0.00,3.00,80

23487,0.00,3.00,80,0.00,3.00,80

23501,0.00,3.00,80,0.00,3.00,80

23517,0.00,3.00,80,0.00,3.00,80

23534,0.00,3.00,80,0.00,3.00,80

23551,0.00,3.00,80,0.00,3.00,80

23570,0.00,3.00,80,0.00,3.00,80

23586,0.00,3.00,80,0.00,3.00,80

23600,0.00,3.00,80,0.00,3.00,80

23617,0.00,3.00,80,0.00,3.00,80

23636,0.00,3.00,80,0.00,3.00,80

23651,0.00,3.00,80,0.00,3.00,80

23668,0.00,3.00,80,0.00,3.00,80

23686,0.00,3.00,80,0.00,3.00,80

23701,0.00,3.00,80,0.00,3.00,80

23716,0.00,3.00,80,0.00,3.00,80

23736,0.00,3.00,80,0.00,3.00,80

23751,0.00,3.00,80,0.00,3.00,80

23770,0.00,3.00,80,0.00,3.00,80

23785,0.00,3.00,80,0.00,3.00,80

23800,0.00,3.00,80,0.00,3.00,80

23818,0.00,3.00,80,0.00,3.00,80

23835,0.00,3.00,80,0.00,3.00,80

23852,0.00,3.00,80,0.00,3.00,80

23866,0.00,3.00,80,0.00,3.00,80

23883,0.00,3.00,80,0.00,3.00,80

23900,0.00,3.00,80,0.00,3.00,80

23917,0.00,3.00,80,0.00,3.00,80

23936,0.00,3.00,80,0.00,3.00,80

23951,0.00,3.00,80,0.00,3.00,80

23968,0.00,3.00,80,0.00,3.00,80

23986,0.00,3.00,80,0.00,3.00,80

24003,0.00,3.00,80,0.00,3.00,80

24017,0.00,3.00,80,0.00,3.00,80

24036,0.00,3.00,80,0.00,3.00,80

24051,0.00,3.00,80,0.00,3.00,80

24067,0.00,3.00,80,0.00,3.00,80

24086,0.00,3.00,80,0.00,3.00,80

24101,0.00,3.00,80,0.00,3.00,80

24119,0.00,3.00,80,0.00,3.00,80

24136,0.00,3.00,80,0.00,3.00,80

24151,0.00,3.00,80,0.00,3.00,80

24166,0.00,3.00,80,0.00,3.00,80

24185,0.00,3.00,80,0.00,3.00,80

24200,0.00,3.00,80,0.00,3.00,80

24217,0.00,3.00,80,0.00,3.00,80

24236,0.00,3.00,80,0.00,3.00,80

24251,0.00,3.00,80,0.00,3.00,80

24270,0.00,3.00,80,0.00,3.00,80

24286,0.00,3.00,80,0.00,3.00,80

24301,0.00,3.00,80,0.00,3.00,80

24316,0.00,3.00,80,0.00,3.00,80

24336,0.00,3.00,80,0.00,3.00,80

24353,0.00,3.00,80,0.00,3.00,80

24367,0.00,3.00,80,0.00,3.00,80

24387,0.00,3.00,80,0.00,3.00,80

24400,0.00,3.00,80,0.00,3.00,80

24421,0.00,3.00,80,0.00,3.00,80

24435,0.00,3.00,80,0.00,3.00,80

24450,0.00,3.00,80,0.00,3.00,80

24468,0.00,3.00,80,0.00,3.00,80

24484,0.00,3.00,80,0.00,3.00,80

24503,0.00,3.00,80,0.00,3.00,80

24516,0.00,3.00,80,0.00,3.00,80

24536,0.00,3.00,80,0.00,3.00,80

24551,0.00,3.00,80,0.00,3.00,80

24566,0.00,3.00,80,0.00,3.00,80

24586,0.00,3.00,80,0.00,3.00,80

24600,0.00,3.00,80,0.00,3.00,80

24619,0.00,3.00,80,0.00,3.00,80

24636,0.00,3.00,80,0.00,3.00,80

24653,0.00,3.00,80,0.00,3.00,80

24668,0.00,3.00,80,0.00,3.00,80

24686,0.00,3.00,80,0.00,3.00,80

24702,0.00,3.00,80,0.00,3.00,80

24717,0.00,3.00,80,0.00,3.00,80

24736,0.00,3.00,80,0.00,3.00,80

24750,0.00,3.00,80,0.00,3.00,80

24769,0.00,3.00,80,0.00,3.00,80

24786,0.00,3.00,80,0.00,3.00,80

24800,0.00,3.00,80,0.00,3.00,80

24817,0.00,3.00,80,0.00,3.00,80

24836,0.00,3.00,80,0.00,3.00,80

24852,0.00,3.00,80,0.00,3.00,80

24867,0.00,3.00,80,0.00,3.00,80

24885,0.00,3.00,80,0.00,3.00,80

24901,0.00,3.00,80,0.00,3.00,80

24919,0.00,3.00,80,0.00,3.00,80

24936,0.00,3.00,80,0.00,3.00,80

24951,0.00,3.00,80,0.00,3.00,80

24966,0.00,3.00,80,0.00,3.00,80

24986,0.00,3.00,80,0.00,3.00,80

25000,0.00,3.00,80,0.00,3.00,80

25017,0.00,3.00,80,0.00,3.00,80

25036,0.00,3.00,80,0.00,3.00,80

25052,0.00,3.00,80,0.00,3.00,80

25066,0.00,3.00,80,0.00,3.00,80

25083,0.00,3.00,80,0.00,3.00,80

25101,0.00,3.00,80,0.00,3.00,80

25116,0.00,3.00,80,0.00,3.00,80

25135,0.00,3.00,80,0.00,3.00,80

25152,0.00,3.00,80,0.00,3.00,80

25167,0.00,3.00,80,0.00,3.00,80

25186,0.00,3.00,80,0.00,3.00,80

25201,0.00,3.00,80,0.00,3.00,80

25217,0.00,3.00,80,0.00,3.00,80

25236,0.00,3.00,80,0.00,3.00,80

25251,0.00,3.00,80,0.00,3.00,80

25267,0.00,3.00,80,0.00,3.00,80

25286,0.00,3.00,80,0.00,3.00,80

25301,0.00,3.00,80,0.00,3.00,80

25317,0.00,3.00,80,0.00,3.00,80

25336,0.00,3.00,80,0.00,3.00,80

25351,0.00,3.00,80,0.00,3.00,80

25366,0.00,3.00,80,0.00,3.00,80

25386,0.00,3.00,80,0.00,3.00,80

25400,0.00,3.00,80,0.00,3.00,80

25419,0.00,3.00,80,0.00,3.00,80

25436,0.00,3.00,80,0.00,3.00,80

25450,0.00,3.00,80,0.00,3.00,80

25467,0.00,3.00,80,0.00,3.00,80

25483,0.00,3.00,80,0.00,3.00,80

25501,0.00,3.00,80,0.00,3.00,80

25516,0.00,3.00,80,0.00,3.00,80

25536,0.00,3.00,80,0.00,3.00,80

25551,0.00,3.00,80,0.00,3.00,80

25566,0.00,3.00,80,0.00,3.00,80

25588,0.00,3.00,80,0.00,3.00,80

25601,0.00,3.00,80,0.00,3.00,80

25620,0.00,3.00,80,0.00,3.00,80

25639,0.00,3.00,80,0.00,3.00,80

25652,0.00,3.00,80,0.00,3.00,80

25667,0.00,3.00,80,0.00,3.00,80

25687,0.00,3.00,80,0.00,3.00,80

25700,0.00,3.00,80,0.00,3.00,80

25718,0.00,3.00,80,0.00,3.00,80

25735,0.00,3.00,80,0.00,3.00,80

25750,0.00,3.00,80,0.00,3.00,80

25769,0.00,3.00,80,0.00,3.00,80

25786,0.00,3.00,80,0.00,3.00,80

25802,0.00,3.00,80,0.00,3.00,80

25817,0.00,3.00,80,0.00,3.00,80

25837,0.00,3.00,80,0.00,3.00,80

25851,0.00,3.00,80,0.00,3.00,80

25868,0.00,3.00,80,0.00,3.00,80

25886,0.00,3.00,80,0.00,3.00,80

25901,0.00,3.00,80,0.00,3.00,80

25918,0.00,3.00,80,0.00,3.00,80

25936,0.00,3.00,80,0.00,3.00,80

25953,0.00,3.00,80,0.00,3.00,80

25967,0.00,3.00,80,0.00,3.00,80

25985,0.00,3.00,80,0.00,3.00,80

26001,0.00,3.00,80,0.00,3.00,80

26018,0.00,3.00,80,0.00,3.00,80

26035,0.00,3.00,80,0.00,3.00,80

26051,0.00,3.00,80,0.00,3.00,80

26069,0.00,3.00,80,0.00,3.00,80

26086,0.00,3.00,80,0.00,3.00,80

26101,0.00,3.00,80,0.00,3.00,80

26117,0.00,3.00,80,0.00,3.00,80

26135,0.00,3.00,80,0.00,3.00,80

26152,0.00,3.00,80,0.00,3.00,80

26170,0.00,3.00,80,0.00,3.00,80

26185,0.00,3.00,80,0.00,3.00,80

26200,0.00,3.00,80,0.00,3.00,80

26216,0.00,3.00,80,0.00,3.00,80

26236,0.00,3.00,80,0.00,3.00,80

26250,0.00,3.00,80,0.00,3.00,80

26267,0.00,3.00,80,0.00,3.00,80

26285,0.00,3.00,80,0.00,3.00,80

26301,0.00,3.00,80,0.00,3.00,80

26317,0.00,3.00,80,0.00,3.00,80

26336,0.00,3.00,80,0.00,3.00,80

26350,0.00,3.00,80,0.00,3.00,80

26367,0.00,3.00,80,0.00,3.00,80

26383,0.00,3.00,80,0.00,3.00,80

26402,0.00,3.00,80,0.00,3.00,80

26419,0.00,3.00,80,0.00,3.00,80

26435,0.00,3.00,80,0.00,3.00,80

26452,0.00,3.00,80,0.00,3.00,80

26468,0.00,3.00,80,0.00,3.00,80

26487,0.00,3.00,80,0.00,3.00,80

26501,0.00,3.00,80,0.00,3.00,80

26517,0.00,3.00,80,0.00,3.00,80

26535,0.00,3.00,80,0.00,3.00,80

26551,0.00,3.00,80,0.00,3.00,80

26569,0.00,3.00,80,0.00,3.00,80

26586,0.00,3.00,80,0.00,3.00,80

26601,0.00,3.00,80,0.00,3.00,80

26617,0.00,3.00,80,0.00,3.00,80

26635,0.00,3.00,80,0.00,3.00,80

26651,0.00,3.00,80,0.00,3.00,80

26669,0.00,3.00,80,0.00,3.00,80

26685,0.00,3.00,80,0.00,3.00,80

26701,0.00,3.00,80,0.00,3.00,80

26720,0.00,3.00,80,0.00,3.00,80

26736,0.00,3.00,80,0.00,3.00,80

26751,0.00,3.00,80,0.00,3.00,80

26768,0.00,3.00,80,0.00,3.00,80

26786,0.00,3.00,80,0.00,3.00,80

26801,0.00,3.00,80,0.00,3.00,80

26819,0.00,3.00,80,0.00,3.00,80

26836,0.00,3.00,80,0.00,3.00,80

26851,0.00,3.00,80,0.00,3.00,80

26867,0.00,3.00,80,0.00,3.00,80

26885,0.00,3.00,80,0.00,3.00,80

26901,0.00,3.00,80,0.00,3.00,80

26918,0.00,3.00,80,0.00,3.00,80

26935,0.00,3.00,80,0.00,3.00,80

26953,0.00,3.00,80,0.00,3.00,80

26967,0.00,3.00,80,0.00,3.00,80

26987,0.00,3.00,80,0.00,3.00,80

27000,0.00,3.00,80,0.00,3.00,80

27017,0.00,3.00,80,0.00,3.00,80

27035,0.00,3.00,80,0.00,3.00,80

27051,0.00,3.00,80,0.00,3.00,80

27069,0.00,3.00,80,0.00,3.00,80

27085,0.00,3.00,80,0.00,3.00,80

27101,0.00,3.00,80,0.00,3.00,80

27118,0.00,3.00,80,0.00,3.00,80

27137,0.00,3.00,80,0.00,3.00,80

27151,0.00,3.00,80,0.00,3.00,80

27167,0.00,3.00,80,0.00,3.00,80

27185,0.00,3.00,80,0.00,3.00,80

27200,0.00,3.00,80,0.00,3.00,80

27220,0.00,3.00,80,0.00,3.00,80

27236,0.00,3.00,80,0.00,3.00,80

27251,0.00,3.00,80,0.00,3.00,80

27267,0.00,3.00,80,0.00,3.00,80

27285,0.00,3.00,80,0.00,3.00,80

27300,0.00,3.00,80,0.00,3.00,80

27318,0.00,3.00,80,0.00,3.00,80

27336,0.00,3.00,80,0.00,3.00,80

27350,0.00,3.00,80,0.00,3.00,80

27370,0.00,3.00,80,0.00,3.00,80

27385,0.00,3.00,80,0.00,3.00,80

27401,0.00,3.00,80,0.00,3.00,80

27417,0.00,3.00,80,0.00,3.00,80

27436,0.00,3.00,80,0.00,3.00,80

27451,0.00,3.00,80,0.00,3.00,80

27467,0.00,3.00,80,0.00,3.00,80

27487,0.00,3.00,80,0.00,3.00,80

27500,0.00,3.00,80,0.00,3.00,80

27521,0.00,3.00,80,0.00,3.00,80

27536,0.00,3.00,80,0.00,3.00,80

27551,0.00,3.00,80,0.00,3.00,80

27567,0.00,3.00,80,0.00,3.00,80

27586,0.00,3.00,80,0.00,3.00,80

27600,0.00,3.00,80,0.00,3.00,80

27617,0.00,3.00,80,0.00,3.00,80

27637,0.00,3.00,80,0.00,3.00,80

27652,0.00,3.00,80,0.00,3.00,80

27668,0.00,3.00,80,0.00,3.00,80

27685,0.00,3.00,80,0.00,3.00,80

27701,0.00,3.00,80,0.00,3.00,80

27717,0.00,3.00,80,0.00,3.00,80

27736,0.00,3.00,80,0.00,3.00,80

27753,0.00,3.00,80,0.00,3.00,80

27769,0.00,3.00,80,0.00,3.00,80

27785,0.00,3.00,80,0.00,3.00,80

27801,0.00,3.00,80,0.00,3.00,80

27820,0.00,3.00,80,0.00,3.00,80

27836,0.00,3.00,80,0.00,3.00,80

27850,0.00,3.00,80,0.00,3.00,80

27869,0.00,3.00,80,0.00,3.00,80

27886,0.00,3.00,80,0.00,3.00,80

27903,0.00,3.00,80,0.00,3.00,80

27918,0.00,3.00,80,0.00,3.00,80

27935,0.00,3.00,80,0.00,3.00,80

27950,0.00,3.00,80,0.00,3.00,80

27967,0.00,3.00,80,0.00,3.00,80

27986,0.00,3.00,80,0.00,3.00,80

28004,0.00,3.00,80,0.00,3.00,80

28017,0.00,3.00,80,0.00,3.00,80

28035,0.00,3.00,80,0.00,3.00,80

28053,0.00,3.00,80,0.00,3.00,80

28070,0.00,3.00,80,0.00,3.00,80

28085,0.00,3.00,80,0.00,3.00,80

28101,0.00,3.00,80,0.00,3.00,80

28117,0.00,3.00,80,0.00,3.00,80

28136,0.00,3.00,80,0.00,3.00,80

28151,0.00,3.00,80,0.00,3.00,80

28170,0.00,3.00,80,0.00,3.00,80

28185,0.00,3.00,80,0.00,3.00,80

28201,0.00,3.00,80,0.00,3.00,80

28217,0.00,3.00,80,0.00,3.00,80

28235,0.00,3.00,80,0.00,3.00,80

28252,0.00,3.00,80,0.00,3.00,80

28267,0.00,3.00,80,0.00,3.00,80

28287,0.00,3.00,80,0.00,3.00,80

28301,0.00,3.00,80,0.00,3.00,80

28316,0.00,3.00,80,0.00,3.00,80

28335,0.00,3.00,80,0.00,3.00,80

28351,0.00,3.00,80,0.00,3.00,80

28369,0.00,3.00,80,0.00,3.00,80

28384,0.00,3.00,80,0.00,3.00,80

28403,0.00,3.00,80,0.00,3.00,80

28418,0.00,3.00,80,0.00,3.00,80

28436,0.00,3.00,80,0.00,3.00,80

28451,0.00,3.00,80,0.00,3.00,80

28467,0.00,3.00,80,0.00,3.00,80

28486,0.00,3.00,80,0.00,3.00,80

